Results for 3 nodes
==================================================
Trial     Ford-Fulkerson Time (s)  Ford-Fulkerson Flow      Ant Colony Time (s)      Ant Colony Flow          
==================================================
1         0.0000                   5                        0.0000                   5                        
2         0.0000                   6                        0.0041                   6                        
3         0.0000                   7                        0.0019                   7                        
4         0.0000                   7                        0.0047                   7                        
5         0.0001                   10                       0.0020                   10                       
6         0.0000                   12                       0.0031                   12                       
7         0.0000                   11                       0.0045                   11                       
8         0.0000                   8                        0.0034                   8                        
9         0.0000                   10                       0.0024                   10                       
10        0.0000                   5                        0.0027                   5                        



Results for 4 nodes
==================================================
Trial     Ford-Fulkerson Time (s)  Ford-Fulkerson Flow      Ant Colony Time (s)      Ant Colony Flow          
==================================================
1         0.0000                   16                       0.0183                   16                       
2         0.0000                   10                       0.0178                   10                       
3         0.0000                   11                       0.0159                   11                       
4         0.0004                   12                       0.0169                   12                       
5         0.0000                   8                        0.0187                   8                        
6         0.0000                   14                       0.0233                   14                       
7         0.0000                   10                       0.0167                   10                       
8         0.0000                   13                       0.0151                   13                       
9         0.0000                   12                       0.0254                   12                       
10        0.0000                   12                       0.0228                   12                       



Results for 5 nodes
==================================================
Trial     Ford-Fulkerson Time (s)  Ford-Fulkerson Flow      Ant Colony Time (s)      Ant Colony Flow          
==================================================
1         0.0000                   16                       0.1198                   16                       
2         0.0000                   16                       0.0729                   16                       
3         0.0000                   22                       0.0507                   18                       
4         0.0000                   26                       0.0507                   26                       
5         0.0000                   17                       0.0545                   17                       
6         0.0000                   15                       0.0425                   15                       
7         0.0000                   17                       0.0277                   16                       
8         0.0000                   14                       0.0593                   14                       
9         0.0000                   15                       0.0360                   15                       
10        0.0000                   17                       0.0561                   17                       



Results for 6 nodes
==================================================
Trial     Ford-Fulkerson Time (s)  Ford-Fulkerson Flow      Ant Colony Time (s)      Ant Colony Flow          
==================================================
1         0.0000                   19                       0.2146                   15                       
2         0.0000                   18                       0.1550                   16                       
3         0.0000                   27                       0.1658                   25                       
4         0.0000                   28                       0.1515                   24                       
5         0.0000                   22                       0.1296                   21                       
6         0.0000                   23                       0.1163                   19                       
7         0.0000                   21                       0.1722                   20                       
8         0.0000                   20                       0.1798                   20                       
9         0.0000                   24                       0.1079                   24                       
10        0.0005                   12                       0.1082                   12                       



Results for 7 nodes
==================================================
Trial     Ford-Fulkerson Time (s)  Ford-Fulkerson Flow      Ant Colony Time (s)      Ant Colony Flow          
==================================================
1         0.0000                   33                       0.4645                   30                       
2         0.0000                   28                       0.4541                   26                       
3         0.0000                   13                       0.2741                   13                       
4         0.0000                   25                       0.3614                   22                       
5         0.0000                   32                       0.3661                   26                       
6         0.0005                   25                       0.3858                   22                       
7         0.0000                   28                       0.3353                   26                       
8         0.0000                   21                       0.2904                   18                       
9         0.0000                   28                       0.3337                   23                       
10        0.0000                   28                       0.3084                   28                       



Results for 8 nodes
==================================================
Trial     Ford-Fulkerson Time (s)  Ford-Fulkerson Flow      Ant Colony Time (s)      Ant Colony Flow          
==================================================
1         0.0000                   37                       0.8260                   36                       
2         0.0000                   21                       0.5643                   19                       
3         0.0000                   23                       0.6756                   23                       
4         0.0000                   42                       0.7802                   41                       
5         0.0000                   32                       0.6473                   29                       
6         0.0000                   34                       0.9136                   30                       
7         0.0000                   19                       0.6074                   19                       
8         0.0000                   30                       0.7031                   28                       
9         0.0005                   19                       0.6333                   19                       
10        0.0000                   24                       0.5852                   24                       



Results for 9 nodes
==================================================
Trial     Ford-Fulkerson Time (s)  Ford-Fulkerson Flow      Ant Colony Time (s)      Ant Colony Flow          
==================================================
1         0.0000                   26                       1.5956                   25                       
2         0.0000                   35                       1.2596                   31                       
3         0.0000                   37                       1.4129                   33                       
4         0.0000                   33                       1.5417                   26                       
5         0.0000                   38                       1.8780                   37                       
6         0.0000                   26                       1.3801                   25                       
7         0.0012                   42                       1.3839                   34                       
8         0.0000                   25                       1.3042                   25                       
9         0.0000                   33                       1.3306                   26                       
10        0.0000                   31                       1.0780                   31                       



Results for 10 nodes
==================================================
Trial     Ford-Fulkerson Time (s)  Ford-Fulkerson Flow      Ant Colony Time (s)      Ant Colony Flow          
==================================================
1         0.0000                   37                       2.6985                   29                       
2         0.0000                   42                       2.3076                   37                       
3         0.0000                   43                       2.5233                   34                       
4         0.0009                   37                       2.6113                   36                       
5         0.0000                   28                       2.0547                   28                       
6         0.0000                   34                       3.4560                   28                       
7         0.0000                   37                       2.6317                   33                       
8         0.0009                   54                       2.8336                   48                       
9         0.0000                   44                       2.7367                   35                       
10        0.0000                   27                       2.1273                   24                       



Results for 11 nodes
==================================================
Trial     Ford-Fulkerson Time (s)  Ford-Fulkerson Flow      Ant Colony Time (s)      Ant Colony Flow          
==================================================
1         0.0036                   45                       3.3915                   39                       
2         0.0000                   35                       3.6305                   28                       
3         0.0000                   49                       5.1450                   44                       
4         0.0031                   51                       4.8836                   51                       
5         0.0000                   38                       4.2313                   34                       
6         0.0000                   45                       5.4838                   41                       
7         0.0000                   42                       4.9829                   37                       
8         0.0000                   47                       5.1042                   39                       
9         0.0000                   30                       4.6780                   29                       
10        0.0000                   44                       5.6176                   39                       



Results for 12 nodes
==================================================
Trial     Ford-Fulkerson Time (s)  Ford-Fulkerson Flow      Ant Colony Time (s)      Ant Colony Flow          
==================================================
1         0.0000                   43                       7.6333                   36                       
2         0.0000                   37                       6.2415                   34                       
3         0.0000                   48                       8.7919                   42                       
4         0.0000                   59                       6.9127                   58                       
5         0.0000                   49                       7.4433                   42                       
6         0.0000                   56                       6.6860                   44                       
7         0.0010                   40                       5.8045                   40                       
8         0.0000                   50                       6.9151                   43                       
9         0.0000                   55                       7.1411                   41                       
10        0.0000                   49                       6.7100                   45                       
